199

9 19 29 38 49 58 67 75 87 99 109 119 129 139 148 158 167 177 189 197 
7 18 27 37 49 59 65 79 89 97 107 118 127 137 146 157 166 174 184 199 
7 17 26 39 47 58 69 77 86 98 108 116 128 136 149 159 169 178 183 196 
8 16 29 36 45 57 68 73 85 96 107 117 128 134 147 154 168 179 185 198 
3 15 28 34 48 58 66 72 84 90 105 115 126 138 144 157 163 179 188 191 
1 10 25 35 44 57 69 76 88 95 106 113 125 135 148 157 165 170 186 195 
5 17 28 36 46 55 67 74 89 92 104 112 124 133 141 156 162 173 181 194 
8 14 28 33 42 59 64 78 88 93 109 114 122 130 145 153 169 176 182 190 
6 16 23 31 48 56 64 76 83 97 101 110 120 132 143 151 162 178 187 197 
4 12 24 30 46 52 61 78 82 98 107 110 121 138 148 155 164 175 180 192 
5 18 24 32 43 50 60 76 86 94 103 111 123 139 142 153 160 172 188 198 
3 13 21 32 47 56 68 79 82 91 102 114 125 131 141 150 161 171 189 193 
2 17 20 38 42 51 62 70 80 95 100 119 127 138 140 152 168 172 187 193 
0 14 22 34 41 53 63 71 81 94 103 119 120 135 141 154 166 175 186 196 
9 11 27 30 40 54 63 77 84 93 102 116 124 139 147 155 165 176 187 195 
2 15 25 31 43 53 65 75 80 96 108 113 122 139 145 156 163 171 184 192 
4 11 23 33 45 51 66 70 85 99 106 111 126 136 145 150 166 174 181 194 
6 13 22 37 40 55 69 71 87 96 106 117 123 132 144 158 164 173 182 193 
6 10 20 39 41 52 60 75 88 90 104 112 121 137 147 150 160 177 183 191 
0 12 25 35 43 55 62 74 83 91 102 118 126 130 143 159 167 177 180 198 
4 19 22 31 42 50 61 79 81 92 101 115 124 134 142 159 161 170 185 190 
1 18 21 35 45 54 67 72 85 97 101 115 121 133 149 152 167 171 182 196 
0 14 23 39 44 50 67 73 84 96 105 114 129 133 140 151 165 174 183 192 
8 12 27 38 44 54 68 72 81 99 100 112 123 131 146 156 163 178 180 199 
1 19 26 32 48 53 62 78 82 93 104 118 129 136 144 151 168 173 186 199 
5 10 21 38 48 52 65 71 86 99 105 117 128 130 149 151 161 175 184 195 
2 13 26 32 49 57 63 77 83 94 105 112 122 137 143 152 164 170 185 194 
3 15 26 30 45 59 60 74 87 91 108 117 127 135 140 155 160 178 181 190 
5 15 20 33 40 56 66 73 89 98 109 113 120 134 142 152 167 175 189 199 
9 11 26 39 41 51 61 71 80 92 107 118 125 131 142 153 162 179 182 197 
9 16 21 33 46 55 68 78 80 90 103 116 129 132 140 159 166 170 184 191 
0 10 24 36 46 56 64 70 87 93 108 115 125 136 146 158 163 172 185 195 
7 13 29 30 41 56 65 73 81 95 100 111 126 133 144 155 169 170 188 197 
7 14 24 37 47 54 61 72 83 92 109 113 124 130 143 150 168 172 186 191 
2 11 28 34 47 51 60 73 86 97 106 110 129 134 141 158 160 176 180 199 
1 14 27 33 43 52 66 79 87 95 100 116 122 137 149 158 162 179 186 198 
8 19 21 37 44 52 62 76 89 98 108 119 121 131 145 154 165 176 188 194 
8 11 24 35 49 58 64 79 84 94 104 113 127 132 140 154 161 173 180 197 
2 12 23 36 48 59 69 72 80 92 103 111 127 137 147 151 167 176 189 196 
6 18 23 34 41 57 66 78 86 91 102 119 124 132 146 156 169 179 185 192 
4 18 27 31 44 50 63 70 88 90 100 117 128 136 141 153 167 173 189 191 
1 16 29 39 42 53 65 72 88 91 102 116 120 138 142 158 164 174 181 194 
9 13 20 32 42 55 69 74 82 94 101 110 128 139 146 154 163 174 186 190 
8 11 25 34 46 59 67 77 87 90 101 111 120 131 143 157 168 175 183 193 
7 16 22 38 40 51 64 74 84 93 105 112 121 135 148 156 169 171 189 198 
2 16 27 34 45 55 61 75 85 98 104 114 123 135 144 152 161 177 188 195 
3 19 28 36 40 53 65 70 83 95 107 110 123 132 143 153 165 171 183 196 
9 10 23 33 47 50 68 74 81 97 104 117 122 138 145 157 164 177 187 196 
7 19 20 35 43 51 62 71 85 90 103 114 122 134 146 155 164 178 181 191 
3 17 22 35 46 56 60 77 85 95 109 118 128 130 147 156 160 174 188 192 
6 17 29 31 49 59 66 71 82 96 103 112 125 138 149 157 165 172 180 190 
6 15 22 32 44 50 64 75 89 94 107 116 126 131 149 159 168 176 181 193 
1 13 25 36 49 54 60 70 81 98 105 114 124 136 147 159 162 175 182 197 
0 17 21 30 42 57 63 75 83 92 101 111 123 136 148 155 160 179 184 199 
9 14 20 36 47 59 63 76 88 99 102 115 127 134 144 150 162 171 188 192 
5 12 29 37 43 57 61 78 89 94 106 115 129 135 147 153 163 178 187 193 
4 15 29 35 47 52 68 75 86 93 101 110 120 137 140 150 169 173 182 195 
3 16 25 37 48 58 60 71 89 99 100 116 125 133 145 151 160 171 185 190 
4 12 28 34 40 50 62 77 88 91 108 113 123 133 149 150 166 172 184 197 
1 10 26 37 42 54 64 77 89 96 103 110 126 132 141 154 167 177 189 192 
9 15 24 33 48 57 63 79 85 91 106 118 121 139 141 151 169 172 183 194 
3 18 22 30 42 52 67 70 82 97 109 113 125 137 144 159 166 178 187 198 
0 13 26 38 45 53 66 76 87 90 107 118 120 133 148 156 161 176 187 191 
0 18 27 36 41 58 69 79 84 99 108 110 120 130 145 152 168 170 181 193 
7 10 23 32 44 53 65 77 82 92 106 115 124 131 140 152 162 179 180 198 
3 15 23 38 49 55 61 73 88 97 103 119 125 130 142 155 163 173 183 196 
4 15 21 35 48 54 69 73 87 95 102 112 124 134 142 153 166 177 184 193 
5 12 21 31 43 58 60 72 83 93 107 119 122 131 144 154 169 174 183 195 
2 18 28 39 46 58 68 76 81 96 102 117 126 137 148 152 165 176 186 197 
6 14 25 30 45 58 62 79 80 92 109 112 129 132 141 155 164 175 188 195 
5 19 22 34 41 54 64 76 80 91 102 111 128 138 140 157 165 177 182 199 
8 10 27 39 47 56 67 78 80 94 105 116 123 134 148 154 167 172 181 190 
7 17 25 32 41 50 66 73 80 93 104 110 121 135 143 158 161 178 184 194 
3 14 26 31 43 51 68 75 84 98 106 111 121 130 146 158 166 175 185 190 
6 12 20 30 49 51 63 72 86 96 104 115 128 131 145 155 167 170 186 194 
4 10 22 39 41 59 67 79 83 98 100 114 129 139 143 156 163 176 182 198 
5 16 28 30 44 53 69 78 87 97 100 118 126 139 147 150 161 175 185 196 
6 11 21 36 40 52 61 77 81 94 109 118 126 135 146 151 163 171 181 199 
8 16 24 31 45 55 67 71 86 95 108 115 122 138 147 150 164 176 189 199 
0 14 25 38 40 56 60 78 85 92 101 113 127 138 149 153 164 177 186 194 
7 13 28 33 46 52 66 75 88 96 105 119 127 139 142 153 168 178 180 195 
8 13 23 39 43 56 62 75 82 99 107 113 124 135 141 157 160 170 182 196 
8 18 20 33 46 51 69 70 83 92 106 116 122 135 149 155 161 173 188 192 
1 17 20 32 44 58 61 74 84 95 103 117 120 134 143 156 166 172 182 195 
2 19 24 37 49 56 69 74 88 90 109 110 127 133 149 156 165 179 183 198 
8 17 24 34 40 57 65 74 86 90 100 114 125 135 142 154 162 174 185 191 
0 15 29 32 42 52 63 72 85 98 108 114 129 132 148 157 162 173 187 190 
4 14 29 33 46 57 60 76 84 97 104 118 123 130 146 159 165 179 189 193 
5 12 26 35 47 53 67 70 89 95 101 114 127 139 145 158 169 179 180 191 
5 11 21 34 41 59 68 70 84 96 109 119 121 136 142 159 164 170 186 192 
1 11 24 38 46 59 62 73 82 94 104 116 123 137 145 156 169 177 185 190 
0 17 20 37 43 53 67 78 81 93 106 117 128 132 142 157 160 171 189 197 
3 11 29 39 40 52 64 74 80 98 103 115 122 136 141 152 168 174 184 197 
9 12 28 33 43 54 65 71 86 98 101 112 125 136 140 156 168 177 181 193 
1 15 27 35 45 50 63 78 83 92 103 113 128 133 146 158 162 174 183 193 
4 18 29 39 49 55 62 79 87 92 105 111 120 131 147 158 166 171 187 192 
7 11 20 31 42 57 64 71 87 91 107 112 129 138 148 151 167 179 188 196 
1 19 23 30 47 55 68 72 85 94 108 112 120 130 144 153 165 175 184 191 
6 19 27 37 46 53 63 73 84 91 105 111 125 134 149 150 162 170 187 199 
2 14 22 30 48 54 66 74 81 90 108 119 123 131 146 151 161 174 182 198 
4 16 26 32 45 51 64 76 82 94 100 117 124 133 147 157 167 178 183 192 
6 15 24 36 44 51 66 75 81 99 101 118 129 130 140 154 164 171 184 198 
9 12 20 34 45 56 69 72 89 93 105 111 123 138 141 159 161 173 180 198 
2 10 25 33 41 58 62 72 82 97 107 117 121 134 140 153 163 174 189 194 
0 19 25 38 49 51 68 77 89 91 100 115 121 139 144 159 160 173 181 195 
5 16 27 36 42 50 60 76 82 90 106 119 120 137 143 155 168 171 180 196 
4 18 25 38 44 56 61 71 84 96 102 111 122 137 141 154 160 175 187 194 
3 13 27 33 48 50 69 71 85 96 109 115 124 138 143 154 169 170 183 199 
6 19 22 38 47 57 65 71 86 93 100 113 126 134 147 152 166 173 183 190 
5 10 23 39 43 54 63 73 88 95 109 116 127 131 148 159 163 173 185 199 
2 10 21 31 40 53 64 74 85 99 104 119 120 137 142 159 160 172 188 193 
2 14 26 35 40 55 65 79 84 97 107 119 128 136 148 150 167 178 181 190 
1 12 22 34 42 58 68 73 88 99 101 118 122 132 147 155 162 172 187 194 
3 13 28 35 41 55 61 76 81 93 102 116 129 131 149 151 164 172 189 191 
8 17 23 32 40 54 67 79 88 94 107 118 126 138 145 158 161 170 186 195 
3 14 25 36 42 56 61 70 86 92 104 117 121 139 148 157 166 176 184 199 
5 14 21 33 49 50 66 75 85 94 102 110 125 132 147 152 163 176 185 197 
9 18 25 31 47 59 64 75 81 95 103 114 123 133 146 150 168 179 186 194 
9 17 23 37 45 52 64 73 88 90 102 113 129 139 143 152 169 175 181 193 
0 13 28 31 47 58 63 78 80 97 108 111 124 135 142 156 167 170 186 198 
7 16 24 34 41 53 68 77 89 95 105 112 127 130 148 154 167 178 182 193 
7 17 20 36 48 57 67 76 82 91 101 110 122 136 142 153 165 176 181 192 
8 13 29 30 48 55 66 77 83 99 103 114 121 134 145 157 161 179 183 199 
4 17 27 37 49 57 63 74 80 96 101 116 126 135 144 150 164 175 180 197 
9 16 20 35 49 52 66 79 83 93 108 117 123 133 141 153 162 177 185 196 
3 12 24 36 43 54 62 78 84 96 101 117 120 131 146 152 166 179 188 190 
2 10 29 32 44 50 61 70 87 91 106 112 127 133 145 154 169 175 186 191 
8 11 26 37 46 52 69 75 89 97 102 114 128 136 144 156 167 172 187 196 
7 18 21 39 48 51 68 70 87 98 102 113 120 133 143 151 163 177 180 190 
8 11 22 39 45 59 65 76 85 92 105 110 124 133 145 159 163 178 189 197 
8 13 24 32 44 51 60 79 84 96 109 119 126 130 140 157 162 177 184 196 
2 18 26 37 44 50 65 73 83 93 104 115 122 138 140 155 166 171 182 195 
6 15 28 37 49 54 68 76 82 95 104 112 124 136 143 158 161 174 188 196 
9 14 22 36 45 57 69 77 81 98 104 113 126 131 149 153 160 171 186 191 
2 12 27 38 44 55 64 79 86 90 103 118 124 132 144 157 165 178 185 194 
7 19 28 36 45 59 65 71 87 97 103 116 121 130 141 159 169 174 187 192 
1 19 28 31 40 57 66 71 89 98 109 117 127 139 140 150 163 170 180 193 
0 16 26 32 48 59 61 78 88 99 109 113 128 136 140 155 165 173 188 198 
6 18 29 35 43 54 69 77 80 99 105 117 129 138 146 153 160 176 185 194 
4 13 20 38 40 50 63 72 89 98 103 118 125 130 143 152 160 179 181 192 
7 15 21 38 41 58 63 74 87 94 106 114 123 138 147 156 162 170 189 192 
4 16 23 30 43 59 68 71 87 92 100 110 121 132 149 154 168 172 188 199 
9 15 26 39 44 57 62 72 81 93 106 110 120 139 149 158 167 177 185 193 
0 11 20 31 46 54 65 78 82 94 108 112 126 137 143 155 169 178 182 192 
5 10 29 34 49 51 65 78 88 95 102 111 124 137 141 151 168 178 189 190 
3 17 22 33 47 53 61 72 87 97 105 115 128 132 146 155 167 177 180 195 
1 16 25 39 40 56 63 74 82 97 107 111 129 132 146 152 161 178 188 191 
7 11 25 34 43 55 60 78 83 95 104 117 125 132 145 157 169 175 181 198 
1 19 24 39 42 54 66 73 89 92 102 119 128 135 144 159 164 176 183 197 
9 19 23 35 42 53 60 76 86 98 109 115 123 137 144 156 163 175 187 190 
6 12 23 30 49 52 64 76 89 92 106 114 122 134 142 159 169 171 184 193 
5 14 25 35 45 56 61 77 82 90 100 119 125 130 142 158 165 172 184 199 
8 18 27 32 47 53 62 75 81 90 107 115 121 134 143 151 162 173 183 192 
6 15 22 33 46 55 62 70 86 99 100 113 127 136 148 154 160 171 180 194 
8 12 28 31 41 58 60 76 85 91 102 116 128 137 146 152 166 173 180 199 
0 14 24 38 43 51 64 70 83 97 108 118 129 134 142 150 165 170 187 190 
6 18 26 33 44 56 69 74 85 93 103 112 123 131 140 158 167 176 184 197 
8 11 21 30 48 50 64 72 88 96 100 115 120 139 148 156 164 173 181 191 
3 10 28 30 47 57 66 70 80 94 103 118 120 130 149 155 162 174 189 194 
6 15 28 33 42 57 67 77 86 99 108 111 122 133 143 155 164 179 189 195 
4 16 26 36 47 58 65 70 81 91 109 119 129 134 142 151 163 176 186 196 
2 13 20 34 42 52 67 77 84 92 107 115 124 130 149 153 165 171 184 190 
7 12 27 32 46 57 66 79 80 97 109 116 129 137 145 153 160 173 182 191 
0 13 21 38 48 59 69 75 86 91 104 117 124 135 148 158 168 174 182 192 
5 13 22 38 49 51 67 73 88 94 108 110 123 136 146 157 166 179 188 191 
1 19 24 35 40 59 60 76 80 96 106 114 126 137 147 156 161 172 181 197 
5 16 25 31 42 52 62 77 81 97 105 118 128 131 146 154 161 177 181 196 
2 10 25 33 45 55 69 72 84 94 101 119 121 137 144 151 166 170 189 197 
0 17 20 33 40 54 68 75 83 99 105 116 122 131 147 151 169 178 186 193 
4 17 21 30 46 52 60 71 83 93 104 111 127 134 141 158 163 170 189 198 
3 11 28 34 44 56 63 79 89 90 106 112 125 139 145 159 162 172 186 190 
1 10 27 37 41 51 60 70 86 90 103 115 122 132 148 159 167 171 186 197 
2 14 22 31 48 57 69 78 89 94 107 114 120 138 149 150 162 173 184 198 
0 12 29 39 46 50 67 72 89 95 102 113 121 135 145 155 167 179 185 193 
9 15 21 36 47 58 69 75 84 96 100 118 122 138 146 150 161 178 187 197 
8 15 23 39 41 58 61 78 87 93 101 113 129 139 141 157 165 179 187 195 
7 18 27 30 44 59 62 77 80 99 105 119 124 133 142 152 164 177 185 191 
4 11 28 32 49 53 61 71 88 92 108 117 126 130 149 154 162 175 187 197 
2 12 27 39 40 55 63 75 87 93 109 116 125 130 140 157 169 175 182 194 
3 14 26 34 40 58 65 72 82 91 108 116 127 134 143 156 167 174 180 197 
9 19 23 35 43 57 63 74 81 96 109 111 127 133 148 153 161 177 183 199 
9 16 29 30 48 59 68 75 82 90 105 113 122 135 143 152 162 176 183 195 
6 16 23 30 46 54 65 79 88 98 106 118 128 135 144 151 160 172 182 192 
1 18 20 35 40 56 63 70 82 97 102 110 123 131 144 156 168 170 185 193 
2 15 26 37 43 55 66 71 85 93 100 111 120 136 146 153 168 170 186 192 
1 15 22 36 43 52 62 75 81 91 103 114 125 134 147 151 164 177 188 195 
9 14 29 32 41 50 62 70 87 97 104 112 128 132 144 150 164 174 182 190 
6 12 21 31 45 50 60 73 86 97 107 114 129 139 140 157 160 177 186 198 
5 13 25 32 42 53 64 79 84 98 107 114 120 131 147 150 166 172 184 191 
3 18 20 39 48 50 67 78 86 99 103 117 128 130 149 159 163 179 182 194 
1 19 29 33 47 51 63 76 80 95 100 117 129 139 140 157 160 177 185 196 
8 17 29 36 42 58 63 75 88 99 100 114 123 131 145 156 165 171 184 191 
0 17 20 31 48 54 62 79 86 91 109 119 122 137 147 158 164 178 180 190 
4 14 22 30 45 59 61 72 87 93 105 117 125 136 148 152 162 174 188 196 
9 12 28 38 46 52 64 78 88 90 103 119 125 130 149 155 167 171 188 191 
1 13 29 34 41 56 67 71 80 92 102 115 128 130 143 155 169 173 183 192 
3 15 23 32 44 56 64 76 83 90 106 112 126 133 142 152 161 170 187 195 
6 17 26 37 46 58 69 74 83 96 100 113 126 130 147 156 169 178 188 196 
9 15 27 38 40 57 61 76 84 93 101 116 126 134 141 153 166 179 181 198 
